3050 0.345269
3100 0.352249
3150 0.38752899999999996
3200 0.36327499999999996
3250 0.410775
3300 0.39628199999999997
3350 0.38584399999999996
3400 0.45024899999999995
3450 0.417157
3500 0.462153
3550 0.427094
3600 0.43529999999999996
3650 0.431119
3700 0.460225
3750 0.483626
3800 0.466234
3850 0.454186
3900 0.526184
3950 0.529606
4000 0.49508199999999997
4050 0.49720699999999995
4100 0.536364
4150 0.5158039999999999
4200 0.5506289999999999
4250 0.5291779999999999
4300 0.5292589999999999
4350 0.605223
4400 0.5251239999999999
4450 0.554064
4500 0.5791149999999999
3050 0.3292
3100 0.336068
3150 0.362002
3200 0.37532
3250 0.388472
3300 0.37526899999999996
3350 0.387356
3400 0.422587
3450 0.390264
3500 0.41875599999999996
3550 0.43084
3600 0.435081
3650 0.476334
3700 0.417317
3750 0.424815
3800 0.459072
3850 0.47212899999999997
3900 0.458871
3950 0.46015999999999996
4000 0.480817
4050 0.443787
4100 0.560296
4150 0.527655
4200 0.6252219999999999
4250 0.618136
4300 0.516863
4350 0.5292169999999999
4400 0.564164
4450 0.5881529999999999
4500 0.611221
