3050 0.24312499999999998
3100 0.250216
3150 0.264244
3200 0.25349499999999997
3250 0.24223599999999998
3300 0.260551
3350 0.251173
3400 0.26725299999999996
3450 0.267165
3500 0.283267
3550 0.28038199999999996
3600 0.29231599999999996
3650 0.28789
3700 0.318197
3750 0.31843099999999996
3800 0.288173
3850 0.34407299999999996
3900 0.311373
3950 0.317142
4000 0.3146
4050 0.325463
4100 0.399205
4150 0.344659
4200 0.302149
4250 0.322194
4300 0.334779
4350 0.330146
4400 0.317164
4450 0.377728
4500 0.35356
