3050 10.778378
3100 11.272129999999999
3050 10.459202
3100 11.087563999999999
3150 10.773399999999999
3200 11.311299
3250 11.103245999999999
3300 11.133256
3350 11.750966
3400 11.534275
3450 11.876386
3500 12.778232
3550 12.390267
3600 12.977753
3650 13.141119
3700 13.400319
3750 13.714072999999999
3800 14.25715
3850 13.951108999999999
3900 13.670097
3950 14.128117999999999
4000 14.302767
4050 15.124113
4100 15.470799999999999
4150 15.133782
4200 15.770074
4250 15.783835999999999
4300 15.783284
4350 16.348385
4400 16.298284
4450 16.614131
4500 17.077116999999998
4550 17.583095999999998
4600 17.30191
4650 17.838134
