5 0.035248999999999996
55 0.069308
105 0.098073
155 0.076128
205 0.10699199999999999
255 0.106671
305 0.122816
355 0.119165
405 0.127879
455 0.14648999999999998
505 0.14568499999999998
555 0.160609
605 0.166773
655 0.160142
705 0.171836
755 0.164109
805 0.169675
855 0.223239
905 0.20721099999999998
955 0.20726499999999998
50 0.071252
100 0.08662399999999999
150 0.112623
200 0.128133
250 0.126819
300 0.135991
350 0.149845
400 0.14035899999999998
450 0.153644
500 0.151391
550 0.147668
600 0.16229
650 0.166577
700 0.18456799999999998
750 0.20862499999999998
800 0.207114
850 0.207591
900 0.175172
950 0.203457
1000 0.20668499999999998
1050 0.199426
1100 0.224376
1150 0.219742
1200 0.24634099999999998
1250 0.249101
1300 0.23468699999999998
1350 0.24049299999999998
1400 0.234281
1450 0.231345
1500 0.23213099999999998
1550 0.236342
1600 0.280225
1650 0.244633
1700 0.269414
1750 0.267588
1800 0.286258
1850 0.263198
1900 0.292126
1950 0.28854199999999997
2000 0.27525299999999997
2050 0.288718
2100 0.285538
2150 0.28551299999999996
2200 0.28016199999999997
2250 0.312625
2300 0.300541
2350 0.275428
2400 0.29518099999999997
2450 0.317291
2500 0.295593
2550 0.33707899999999996
2600 0.330633
2650 0.357413
2700 0.31551399999999996
2750 0.326269
2800 0.36428499999999997
2850 0.34007499999999996
2900 0.359203
2950 0.361869
3000 0.352116
