50 0.224291
100 0.41925399999999996
150 1.43478
200 2.844664
250 3.3882749999999997
300 5.419172
350 7.052956
400 7.961205
450 12.240858
500 14.427973
550 15.479837
600 19.209688
650 22.09949
700 24.274644
750 28.982101
800 33.189797999999996
850 37.067150999999996
900 37.179195
950 39.925865
1000 50.550661
1050 52.400766999999995
1100 59.091789999999996
1150 60.439659999999996
1200 67.781218
1250 68.358108
1300 78.745328
1350 85.85947499999999
1400 89.83735399999999
1450 100.602796
1500 79.786678
1550 115.72200699999999
1600 114.018788
1650 122.67496399999999
1700 128.65543499999998
1750 138.552435
1800 151.386458
1850 163.117804
1900 162.79324599999998
1950 199.232767
2000 190.84870999999998
2050 213.550809
2100 215.89233399999998
2150 220.172542
2200 234.98729
2250 230.743383
2300 257.069658
2350 262.723788
2400 276.16630299999997
2450 248.138433
2500 302.40011899999996
2550 313.81593799999996
2600 315.72375
2650 337.98367099999996
2700 341.21748099999996
2750 336.07885
2800 391.00539699999996
2850 361.565063
2900 405.121968
2950 435.225753
3000 428.611039
