5 0.033686
55 0.050865999999999995
105 0.047008999999999995
155 0.070259
205 0.084462
255 0.107709
305 0.13738799999999998
355 0.187717
405 0.280759
455 0.321347
505 0.411446
555 0.5070899999999999
605 0.607856
655 0.743494
705 0.88478
755 1.085769
805 1.177613
855 1.545829
905 1.564258
955 1.859356
50 0.060863
100 0.06209
150 0.072845
200 0.099594
250 0.140421
300 0.17091199999999998
350 0.241421
400 0.31615099999999996
450 0.38118599999999997
500 0.485164
550 0.610055
600 0.72268
650 0.878981
700 1.071987
750 1.220667
800 1.46987
850 1.6574449999999998
900 1.887699
950 2.361405
1000 2.551297
1050 2.678102
1100 3.211846
1150 3.890027
1200 3.972844
1250 4.595687
1300 5.082787
1350 5.984521
1400 6.484253
1450 6.755426
1500 7.725867
1550 8.290365
1600 8.847323
1650 10.767748
1700 9.08366
1750 9.42762
1800 12.649343
1850 13.285418
1900 19.038558
1950 20.72649
2000 21.797286
2050 22.526536999999998
2100 21.090519
2150 20.488673
2200 22.162578
2250 22.578775999999998
2300 24.578414
2350 28.400118
2400 27.922805
2450 29.711145
2500 29.897323999999998
2550 31.330181
2600 33.985322
2650 38.946425999999995
2700 32.697675
2750 40.91292
2800 44.920688
2850 46.033927999999996
2900 49.682516
2950 52.772147999999994
3000 54.86127
