50 0.061738999999999995
100 0.171644
150 0.390219
200 0.6697679999999999
250 1.021963
300 1.424988
350 1.892668
400 2.242816
450 2.959
500 3.840989
550 4.327373
600 5.165808999999999
650 5.95946
700 6.8589459999999995
750 8.160015
800 9.098468
850 10.750041
900 11.74436
950 13.285350999999999
1000 14.015120999999999
1050 15.872520999999999
1100 17.413239
1150 18.639912
1200 20.154464
1250 22.474785999999998
1300 23.423706
1350 25.113948
1400 27.896323
1450 30.754452999999998
1500 29.458392999999997
1550 35.415532999999996
1600 36.687041
1650 39.735533
1700 40.663872
1750 43.280501
1800 46.680946
1850 48.206509999999994
1900 53.190244
1950 54.949788999999996
2000 56.134454
2050 58.543161999999995
2100 59.898229
2150 67.346728
2200 67.595952
2250 73.57538
2300 74.071963
2350 77.948447
2400 79.148483
2450 82.611848
2500 86.153504
2550 90.37026
2600 94.143948
2650 102.760431
2700 102.257357
2750 110.998808
2800 113.630687
2850 115.054164
2900 124.29080099999999
2950 119.433988
3000 121.345839
