5 0.073474
55 0.095233
105 0.095845
155 0.10106
205 0.09776699999999999
255 0.10114999999999999
305 0.09959599999999999
355 0.11187599999999999
405 0.10209499999999999
455 0.101514
505 0.12074299999999999
555 0.115229
605 0.101407
655 0.104867
705 0.10477199999999999
755 0.11824
805 0.111236
855 0.10846299999999999
905 0.10944699999999999
955 0.10528699999999999
50 0.11417999999999999
100 0.12087099999999999
150 0.121844
200 0.12439
250 0.13087
300 0.128901
350 0.124624
400 0.143641
450 0.137322
500 0.149301
550 0.136148
600 0.15244
650 0.138606
700 0.135229
750 0.136513
800 0.144474
850 0.140614
900 0.157469
950 0.138766
1000 0.14043999999999998
1050 0.16553099999999998
1100 0.174175
1150 0.212166
1200 0.149533
1250 0.171806
1300 0.149402
1350 0.159774
1400 0.156837
1450 0.160904
1500 0.14651
1550 0.16674
1600 0.164208
1650 0.191488
1700 0.168493
1750 0.178248
1800 0.17353
1850 0.20471799999999998
1900 0.175284
1950 0.179228
2000 0.18837399999999999
2050 0.225404
2100 0.182145
2150 0.20314
2200 0.221272
2250 0.19614399999999999
2300 0.207116
2350 0.207137
2400 0.197155
2450 0.21639
2500 0.215505
2550 0.208192
2600 0.23871099999999998
2650 0.23013499999999998
2700 0.20618999999999998
2750 0.23410899999999998
2800 0.22933399999999998
2850 0.23342
2900 0.252224
2950 0.236226
3000 0.23240999999999998
