50 0.09344899999999999
100 0.13314099999999998
150 0.25227099999999997
200 0.5027079999999999
250 0.37589
300 0.46713099999999996
350 0.611398
400 0.504868
450 1.5011679999999998
500 1.067423
550 0.852107
600 1.242988
650 1.1796069999999999
700 1.235838
750 1.489898
800 1.3413309999999998
850 1.454621
900 1.858903
950 1.589504
1000 1.8017159999999999
1050 1.882452
1100 1.766656
1150 1.966303
1200 2.176889
1250 1.99841
1300 3.735492
1350 2.5489729999999997
1400 4.381193
1450 2.494986
1500 2.660239
1550 2.6074189999999997
1600 2.671383
1650 3.439428
1700 3.194701
1750 2.722631
1800 3.2697819999999997
1850 3.882533
1900 2.973416
1950 4.252498
2000 4.1708229999999995
2050 4.194464
2100 3.9245929999999998
2150 4.6825849999999996
2200 4.703765
2250 5.474106
2300 4.672670999999999
2350 4.9909349999999995
2400 5.502844
2450 5.359355
2500 4.905494
2550 5.959753999999999
2600 5.331468999999999
2650 5.141291
2700 7.773605
2750 5.1199509999999995
2800 7.908251
2850 7.220542
2900 6.070958999999999
2950 7.068562
3000 6.3158009999999996
