50 0.225489
100 0.37024199999999996
150 0.571531
200 0.740942
250 0.904767
300 1.010102
350 1.312381
400 1.409657
450 1.521474
500 1.881491
550 1.904505
600 2.062341
650 2.311397
700 2.633495
750 2.635623
800 2.85732
850 2.960158
900 3.133384
950 3.4448369999999997
1000 3.5647849999999996
1050 3.650044
1100 4.002147
1150 4.1326149999999995
1200 4.3007089999999994
1250 4.599215
1300 4.797619
1350 4.671184
1400 4.867242
1450 5.359528
1500 5.5316659999999995
1550 5.767747
1600 5.7045319999999995
1650 5.890472
1700 6.135381
1750 6.4255819999999995
1800 6.318416
1850 6.394362
1900 6.983054999999999
1950 7.065618
2000 7.136259
2050 7.238652
2100 7.305565
2150 8.030289999999999
2200 7.717118999999999
2250 7.911200999999999
2300 8.191174
2350 8.420627999999999
2400 8.554395
2450 8.646215999999999
2500 9.171184
2550 9.407335999999999
2600 9.107242
2650 9.280406
2700 9.366135
2750 9.751172
2800 9.975734
2850 9.947151
2900 10.246191999999999
2950 10.646130999999999
3000 10.916273
3050 10.778378
3100 11.272129999999999
3050 10.459202
3100 11.087563999999999
3150 10.773399999999999
3200 11.311299
3250 11.103245999999999
3300 11.133256
3350 11.750966
3400 11.534275
3450 11.876386
3500 12.778232
3550 12.390267
3600 12.977753
3650 13.141119
3700 13.400319
3750 13.714072999999999
3800 14.25715
3850 13.951108999999999
3900 13.670097
3950 14.128117999999999
4000 14.302767
4050 15.124113
4100 15.470799999999999
4150 15.133782
4200 15.770074
4250 15.783835999999999
4300 15.783284
4350 16.348385
4400 16.298284
4450 16.614131
4500 17.077116999999998
4550 17.583095999999998
4600 17.30191
4650 17.838134

