5 0.007521
10 0.024856
15 0.066399
20 0.128022
25 0.246974
30 0.433695
35 0.572815
40 0.709741
45 0.8539519999999999
50 0.29783299999999996
55 1.483082
60 1.6116759999999999
65 2.599293
70 2.8714709999999997
75 1.5657459999999999
80 4.989235
85 4.204235
90 5.138266
95 5.790762
100 4.314865999999999
105 8.035869
110 8.660047
115 4.493218
120 10.707108
125 8.440911999999999
130 13.989403999999999
135 3.5274569999999996
140 12.279043
145 6.157674999999999
150 12.283925
155 15.821883
160 7.092315999999999
165 25.400713
170 5.0165239999999995
175 23.575898
180 29.474785999999998
185 14.770373999999999
190 26.695583
195 2.53857
200 13.495303
205 11.300624
210 6.646134
215 3.131093
220 18.598874
225 17.20714
230 33.0208
235 25.921587
240 48.455278
245 37.774217
250 26.797373
255 12.619308
260 47.111199
265 60.591657999999995
270 16.182736
275 5.0326439999999995
280 39.505946
285 1.8834149999999998
290 4.287084999999999
295 46.367067999999996
300 11.459323999999999
305 14.341622
310 23.78879
315 67.962379
320 0.5946119999999999
325 6.9108909999999995
330 25.243878
335 32.880531
340 97.17053
345 52.585052999999995
350 59.107329
355 22.042863999999998
360 86.386978
365 14.531391
370 27.485813
375 20.848027
380 47.068301999999996
385 30.486677999999998
390 93.496944
395 74.339709
400 132.656643
405 23.073625
410 38.817783
415 21.290488
420 56.069199
425 15.515861
430 53.969294999999995
435 101.114577
440 27.935067
445 77.26535299999999
450 14.107320999999999
455 97.149424
460 5.605987
465 78.063227
470 24.163574999999998
475 26.810657
480 8.259268
485 134.123133
490 50.166011999999995
495 15.109418
500 32.048774
505 76.501815
510 61.012769
515 72.92877399999999
520 86.225155
525 21.370316
530 51.204575999999996
535 92.414722
540 40.473984
545 32.287282
550 32.141819
555 0.442779
560 57.537257
565 148.984255
570 70.274401
575 32.13583
580 34.154356
585 97.84413099999999
590 102.84027499999999
595 148.15410699999998
600 75.301025
605 178.428629
