50 1.422909
100 7.648451
150 16.036171
200 39.714544
250 38.088854999999995
300 29.411963
350 50.271029999999996
400 68.423795
450 38.484107
500 67.006224
550 4.713927
600 67.415534
650 70.791585
700 41.156996
750 152.162995
800 217.793928
850 52.783967
900 149.363273
950 71.054197
1000 43.309146
1050 210.836944
1100 41.014036999999995
1150 188.59113599999998
1200 76.35059799999999
1250 188.72585899999999
1300 218.21233099999998
1350 165.09345399999998
1400 125.157142
1450 234.97105
1500 597.072647
1550 206.543508
1600 15.353029999999999
1650 135.199196
1700 207.482754
1750 93.446722
1800 452.51637
1850 104.95343299999999
1900 198.64663399999998
1950 34.634772
2000 343.841835
2050 65.798013
2100 210.22195299999998
2150 97.19891799999999
2200 787.130759
2250 188.030805
2300 180.55829699999998
2350 384.745462
2400 422.52527499999997
2450 263.61990399999996
2500 101.27830499999999
2550 338.291986
2600 343.340715
2650 220.00202099999998
2700 625.364462
2750 282.59648699999997
2800 670.709268
2850 306.77931
2900 447.86136899999997
2950 74.68676099999999
3000 204.632338